0 4 240 417 400 479
0 6 256 301 395 479
0 8 268 351 390 455
0 10 276 328 384 425
0 14 292 293 377 372
0 18 290 271 365 335
0 33 314 232 352 265
0 48 326 220 353 240
0 63 335 214 354 225
0 78 334 207 356 215
10 8 327 350 450 461 
10 15 348 290 430 364
10 10 337 332 447 427
10 23 375 258 430 306
10 18 360 274 425 337
20 8 352 360 473 464
20 10 388 288 465 360
20 12 371 315 466 402
20 23 401 260 457 308
20 38 419 233 454 263
20 48 433 225 456 247
20 58 439 218 456 236
30 8 403 365 518 469
30 18 444 285 516 352
30 28 461 253 508 293
40 8 439 373 550 479
40 18 496 293 562 364
50 8 470 381 578 479
50 18 532 302 594 375
50 28 552 269 595 311
-10 7 216 365 347 479
-10 10 228 325 335 425
-10 25 238 325 335 425
-10 40 258 224 288 250
-10 55 270 212 285 229
-20 8 180 354 300 464
-20 15 192 290 273 369
-20 30 200 239 242 276
-30 10 146 335 251 437
-30 15 146 293 226 374
-30 30 153 243 197 279
-40 10 97 344 200 449
-40 15 97 303 176 387
-50 8 68 384 179 479
-50 15 52 313 128 400
